raw_results: [array([[[3.39391289e+01, 2.10498260e+02, 1.23438614e+02, 3.58080475e+02,
         6.50773883e-01],
        [1.79632111e+02, 2.12366653e+02, 2.79473389e+02, 3.41814026e+02,
         6.28080070e-01],
        [5.45682007e+02, 2.15535461e+02, 5.88430176e+02, 2.65742493e+02,
         5.92284322e-01],
        [1.10583206e+02, 2.43703247e+02, 1.85229324e+02, 3.55733887e+02,
         4.63138223e-01],
        [2.10337250e+02, 1.99089630e+02, 2.33728455e+02, 2.37710815e+02,
         2.98310548e-01],
        [2.14752380e+02, 2.29052124e+02, 2.48319870e+02, 2.67393188e+02,
         2.26567864e-01],
        [4.19627838e+01, 2.60993256e+02, 8.74843292e+01, 2.93728119e+02,
         2.08075240e-01],
        [4.22026138e+01, 2.62008759e+02, 8.67808685e+01, 2.93783600e+02,
         1.48166299e-01],
        [2.14676361e+02, 2.29775574e+02, 2.50362030e+02, 2.68008972e+02,
         1.27413228e-01],
        [2.19883636e+02, 2.69908142e+02, 2.46202209e+02, 2.94311768e+02,
         1.26798436e-01],
        [2.17461639e+02, 2.16234070e+02, 2.80213837e+02, 3.30575745e+02,
         1.21245876e-01],
        [2.16095703e+02, 2.26544846e+02, 2.73960052e+02, 2.70404053e+02,
         1.16249651e-01],
        [1.57306412e+02, 2.44979034e+02, 1.82728653e+02, 2.83670776e+02,
         1.07937358e-01],
        [2.15220917e+02, 2.24280609e+02, 2.71195374e+02, 3.03233948e+02,
         1.06561102e-01],
        [2.14735748e+02, 2.31570511e+02, 2.49397308e+02, 2.67735931e+02,
         1.04671270e-01],
        [1.16654518e+02, 2.90162842e+02, 1.88798462e+02, 3.55492188e+02,
         1.04048178e-01],
        [2.09618301e+02, 2.00112854e+02, 2.34692093e+02, 2.57239044e+02,
         1.02872871e-01],
        [1.20583961e+02, 2.19754181e+02, 2.69816071e+02, 3.51616364e+02,
         9.77212265e-02],
        [2.11882462e+02, 2.12817154e+02, 2.42060013e+02, 2.62672516e+02,
         9.76725072e-02],
        [2.22963226e+02, 2.74303986e+02, 2.44500214e+02, 2.90877716e+02,
         9.57324132e-02],
        [4.04912720e+01, 2.29662918e+02, 1.01097977e+02, 2.92933228e+02,
         9.34996307e-02],
        [2.17461639e+02, 2.16234070e+02, 2.80213837e+02, 3.30575745e+02,
         9.30632725e-02],
        [2.18069778e+02, 2.56689941e+02, 2.47649719e+02, 2.94409973e+02,
         9.24692899e-02],
        [3.47908096e+01, 2.56439392e+02, 7.19441299e+01, 3.49753235e+02,
         8.92279148e-02],
        [4.16275940e+01, 2.45685867e+02, 9.22109833e+01, 2.93181763e+02,
         8.69365260e-02],
        [1.18869995e+02, 3.02432404e+02, 1.89165344e+02, 3.55471893e+02,
         8.69313776e-02],
        [2.09618301e+02, 2.00112854e+02, 2.34692093e+02, 2.57239044e+02,
         8.53059441e-02],
        [2.14735748e+02, 2.31570511e+02, 2.49397308e+02, 2.67735931e+02,
         8.28396678e-02],
        [2.12462708e+02, 2.19549927e+02, 2.42392731e+02, 2.67172485e+02,
         8.14188197e-02],
        [2.16095703e+02, 2.26544846e+02, 2.73960052e+02, 2.70404053e+02,
         8.11986923e-02],
        [2.15220917e+02, 2.24280609e+02, 2.71195374e+02, 3.03233948e+02,
         7.87057951e-02],
        [2.11882462e+02, 2.12817154e+02, 2.42060013e+02, 2.62672516e+02,
         7.70125240e-02],
        [2.09942184e+02, 2.89446838e+02, 2.35753967e+02, 3.15055298e+02,
         7.69481584e-02],
        [4.86989380e+02, 2.07900925e+02, 5.63328247e+02, 2.44898804e+02,
         7.67026693e-02],
        [2.18656998e+02, 1.80324005e+02, 2.28335129e+02, 1.89329437e+02,
         7.52000809e-02],
        [2.64186798e+02, 2.58500092e+02, 2.78289459e+02, 2.72031342e+02,
         7.45316893e-02],
        [5.16703758e+01, 2.47355530e+02, 1.24342590e+02, 3.32104187e+02,
         7.39074647e-02],
        [2.18325592e+02, 2.91389618e+02, 2.42951019e+02, 3.12619720e+02,
         7.20152929e-02],
        [2.16095612e+02, 2.33177246e+02, 2.51787292e+02, 2.90870422e+02,
         7.15727359e-02],
        [1.11084412e+02, 2.44763565e+02, 1.88837189e+02, 3.55883820e+02,
         6.92872703e-02],
        [2.14437836e+02, 2.89606934e+02, 2.35273254e+02, 3.08468384e+02,
         6.75811321e-02],
        [2.14752380e+02, 2.29052124e+02, 2.48319870e+02, 2.67393188e+02,
         6.74889982e-02],
        [1.28324692e+02, 2.47813599e+02, 1.91506531e+02, 3.40550781e+02,
         6.69140369e-02],
        [2.14070053e+02, 2.26295120e+02, 2.47233612e+02, 2.66566376e+02,
         6.68029636e-02],
        [2.15220917e+02, 2.24280609e+02, 2.71195374e+02, 3.03233948e+02,
         6.62819669e-02],
        [1.12161774e+02, 2.32028564e+02, 2.19977844e+02, 3.51101013e+02,
         6.51785210e-02],
        [1.86801743e+02, 2.91331116e+02, 2.33873734e+02, 3.39356140e+02,
         6.49550483e-02],
        [1.18869995e+02, 3.02432404e+02, 1.89165344e+02, 3.55471893e+02,
         6.44798353e-02],
        [4.89287170e+02, 2.06973892e+02, 5.26592957e+02, 2.42742432e+02,
         6.37031421e-02],
        [2.15127396e+02, 2.33509689e+02, 2.50436722e+02, 2.83115723e+02,
         6.35080040e-02],
        [4.68555832e+01, 2.49749939e+02, 9.32054825e+01, 2.93323761e+02,
         6.29265979e-02],
        [2.55695038e+02, 2.45770126e+02, 2.78370331e+02, 2.75811493e+02,
         6.02242090e-02],
        [2.15369019e+02, 2.28895767e+02, 2.71281677e+02, 2.74992615e+02,
         6.01224825e-02],
        [1.86835571e+02, 2.92034546e+02, 2.34161713e+02, 3.39842102e+02,
         5.82908839e-02],
        [5.39778519e+01, 2.31291809e+02, 1.65810486e+02, 3.57522217e+02,
         5.82192056e-02],
        [2.39651611e+02, 2.42552673e+02, 2.78514038e+02, 3.03709229e+02,
         5.78107908e-02],
        [2.09942184e+02, 2.89446838e+02, 2.35753967e+02, 3.15055298e+02,
         5.76239675e-02],
        [6.98812180e+01, 2.26479935e+02, 1.18716957e+02, 3.36931793e+02,
         5.63535430e-02],
        [4.22026138e+01, 2.62008759e+02, 8.67808685e+01, 2.93783600e+02,
         5.60200214e-02],
        [2.14057297e+02, 2.21072662e+02, 2.55810715e+02, 2.62582245e+02,
         5.59581481e-02],
        [4.85514252e+02, 2.07696121e+02, 5.94064880e+02, 2.58505280e+02,
         5.59510402e-02],
        [1.11084412e+02, 2.44763565e+02, 1.88837189e+02, 3.55883820e+02,
         5.58702275e-02],
        [2.15369019e+02, 2.28895767e+02, 2.71281677e+02, 2.74992615e+02,
         5.47597297e-02],
        [2.53322174e+02, 2.34088928e+02, 2.76640656e+02, 2.71259857e+02,
         5.33776470e-02],
        [1.07943489e+02, 2.67905060e+02, 1.64309158e+02, 3.33965668e+02,
         5.28856330e-02],
        [8.10222702e+01, 1.79698975e+02, 1.04002602e+02, 1.94031067e+02,
         5.21268919e-02],
        [2.34930847e+02, 2.33963455e+02, 2.77192688e+02, 3.24882812e+02,
         5.18909134e-02],
        [2.45451889e+02, 2.24928589e+02, 2.76172089e+02, 2.70984833e+02,
         5.18450625e-02],
        [6.96724091e+01, 2.66898071e+02, 1.19098831e+02, 3.17703491e+02,
         5.17541841e-02],
        [2.19410782e+02, 2.62922089e+02, 2.67646423e+02, 3.04729462e+02,
         5.12870774e-02],
        [1.95195160e+02, 2.89050995e+02, 2.35537048e+02, 3.27279633e+02,
         5.07755466e-02],
        [4.56792870e+01, 2.15339554e+02, 1.17109421e+02, 3.10881409e+02,
         5.05774990e-02],
        [1.95195160e+02, 2.89050995e+02, 2.35537048e+02, 3.27279633e+02,
         5.03287390e-02],
        [1.12221146e+02, 2.43476959e+02, 1.92179855e+02, 3.49829712e+02,
         5.02914935e-02],
        [1.08093582e+02, 2.86330383e+02, 1.80296783e+02, 3.51967224e+02,
         5.00789434e-02],
        [0.00000000e+00, 0.00000000e+00, 0.00000000e+00, 0.00000000e+00,
         0.00000000e+00],
        [0.00000000e+00, 0.00000000e+00, 0.00000000e+00, 0.00000000e+00,
         0.00000000e+00],
        [0.00000000e+00, 0.00000000e+00, 0.00000000e+00, 0.00000000e+00,
         0.00000000e+00],
        [0.00000000e+00, 0.00000000e+00, 0.00000000e+00, 0.00000000e+00,
         0.00000000e+00],
        [0.00000000e+00, 0.00000000e+00, 0.00000000e+00, 0.00000000e+00,
         0.00000000e+00],
        [0.00000000e+00, 0.00000000e+00, 0.00000000e+00, 0.00000000e+00,
         0.00000000e+00],
        [0.00000000e+00, 0.00000000e+00, 0.00000000e+00, 0.00000000e+00,
         0.00000000e+00],
        [0.00000000e+00, 0.00000000e+00, 0.00000000e+00, 0.00000000e+00,
         0.00000000e+00],
        [0.00000000e+00, 0.00000000e+00, 0.00000000e+00, 0.00000000e+00,
         0.00000000e+00],
        [0.00000000e+00, 0.00000000e+00, 0.00000000e+00, 0.00000000e+00,
         0.00000000e+00],
        [0.00000000e+00, 0.00000000e+00, 0.00000000e+00, 0.00000000e+00,
         0.00000000e+00],
        [0.00000000e+00, 0.00000000e+00, 0.00000000e+00, 0.00000000e+00,
         0.00000000e+00],
        [0.00000000e+00, 0.00000000e+00, 0.00000000e+00, 0.00000000e+00,
         0.00000000e+00],
        [0.00000000e+00, 0.00000000e+00, 0.00000000e+00, 0.00000000e+00,
         0.00000000e+00],
        [0.00000000e+00, 0.00000000e+00, 0.00000000e+00, 0.00000000e+00,
         0.00000000e+00],
        [0.00000000e+00, 0.00000000e+00, 0.00000000e+00, 0.00000000e+00,
         0.00000000e+00],
        [0.00000000e+00, 0.00000000e+00, 0.00000000e+00, 0.00000000e+00,
         0.00000000e+00],
        [0.00000000e+00, 0.00000000e+00, 0.00000000e+00, 0.00000000e+00,
         0.00000000e+00],
        [0.00000000e+00, 0.00000000e+00, 0.00000000e+00, 0.00000000e+00,
         0.00000000e+00],
        [0.00000000e+00, 0.00000000e+00, 0.00000000e+00, 0.00000000e+00,
         0.00000000e+00],
        [0.00000000e+00, 0.00000000e+00, 0.00000000e+00, 0.00000000e+00,
         0.00000000e+00],
        [0.00000000e+00, 0.00000000e+00, 0.00000000e+00, 0.00000000e+00,
         0.00000000e+00],
        [0.00000000e+00, 0.00000000e+00, 0.00000000e+00, 0.00000000e+00,
         0.00000000e+00],
        [0.00000000e+00, 0.00000000e+00, 0.00000000e+00, 0.00000000e+00,
         0.00000000e+00],
        [0.00000000e+00, 0.00000000e+00, 0.00000000e+00, 0.00000000e+00,
         0.00000000e+00]]], dtype=float32), array([[ 0,  0,  0,  0,  0, 38, 24, 26, 34, 35,  0, 34, 35,  0, 35,  0,
        38,  0,  0, 35, 24, 35, 35,  0, 26, 56, 34, 26, 34, 38, 35, 38,
        35, 56,  0, 35,  0, 35, 35, 56, 35, 29,  0,  0, 34,  0, 34, 13,
        56, 38, 24, 35, 35, 35,  0, 35, 34,  0, 35, 38, 13, 13,  0, 35,
         0, 32, 35, 35,  0, 35, 34,  0, 35, 35, 56,  0,  0,  0,  0,  0,
         0,  0,  0,  0,  0,  0,  0,  0,  0,  0,  0,  0,  0,  0,  0,  0,
         0,  0,  0,  0]], dtype=int64)]
len(raw_results): 2
raw_results[0]: (1, 100, 5)
raw_results[1]: (1, 100)
