raw_results: [array([[[4.45779419e+00, 5.02144623e+01, 4.56931183e+02, 4.84116760e+02,
         5.67525327e-01],
        [1.79867950e+02, 1.57102829e+02, 4.45543732e+02, 6.35358826e+02,
         4.61477935e-01],
        [9.34339752e+01, 1.04801117e+02, 4.81000000e+02, 6.04548950e+02,
         2.27214560e-01],
        [9.34339752e+01, 1.04801117e+02, 4.81000000e+02, 6.04548950e+02,
         2.01520577e-01],
        [1.33758392e+02, 6.74637909e+01, 4.58804535e+02, 3.90690735e+02,
         1.42751068e-01],
        [2.61337280e+00, 8.39862976e+01, 2.76681793e+02, 4.83256775e+02,
         1.36355072e-01],
        [2.89480408e+02, 1.50338745e+00, 4.81000000e+02, 3.19688080e+02,
         1.18518300e-01],
        [2.30815460e+02, 1.17936874e+02, 4.59768829e+02, 3.99310852e+02,
         1.07837252e-01],
        [1.80595139e+02, 1.48931976e+02, 4.68297241e+02, 5.09169586e+02,
         1.05647631e-01],
        [1.91559418e+02, 2.97135803e+02, 4.20473236e+02, 6.34834595e+02,
         1.03596397e-01],
        [1.91695770e+02, 3.07306030e+02, 4.04841278e+02, 6.30072021e+02,
         8.82213265e-02],
        [2.12381012e+02, 4.06564819e+02, 3.88342682e+02, 6.34140259e+02,
         8.29720423e-02],
        [2.95135529e+02, 1.89276886e+00, 4.81000000e+02, 2.34124634e+02,
         8.27857852e-02],
        [3.49889832e+01, 6.09360046e+02, 4.33775024e+01, 6.19520691e+02,
         8.21068138e-02],
        [1.22395020e+01, 5.02055359e+01, 4.29549591e+02, 3.06789337e+02,
         8.02360699e-02],
        [3.11262024e+02, 8.89057159e+01, 4.60832764e+02, 3.93411560e+02,
         7.39555210e-02],
        [8.38253784e+00, 5.42595673e+01, 4.48908051e+02, 4.76481873e+02,
         6.75351545e-02],
        [7.67330399e+01, 6.05195007e+02, 8.61352768e+01, 6.14219910e+02,
         6.43235892e-02],
        [3.68109528e+02, 3.17125916e+02, 4.81000000e+02, 6.37433167e+02,
         6.29268810e-02],
        [1.73172714e+02, 3.20936951e+02, 2.47632568e+02, 5.08414368e+02,
         6.28372878e-02],
        [8.86619568e+00, 0.00000000e+00, 3.31276184e+02, 1.26228943e+02,
         6.19829744e-02],
        [0.00000000e+00, 5.75260315e+02, 4.12153748e+02, 6.36877136e+02,
         6.12661578e-02],
        [3.30587463e+02, 1.71311493e+02, 4.56557251e+02, 3.82690063e+02,
         6.08230643e-02],
        [2.17117615e+02, 4.05933594e+02, 3.88922913e+02, 6.33253906e+02,
         5.98565601e-02],
        [1.77884216e+02, 3.17241272e+02, 2.58618805e+02, 5.33526306e+02,
         5.89005388e-02],
        [2.84423920e+02, 2.68195312e+02, 4.77311859e+02, 6.31422119e+02,
         5.78914694e-02],
        [1.51269674e+01, 5.81444092e+01, 4.44409607e+02, 4.54247070e+02,
         5.73396981e-02],
        [2.19385544e+02, 2.81017212e+02, 2.43255402e+02, 4.46182312e+02,
         5.66481613e-02],
        [1.77884216e+02, 3.17241272e+02, 2.58618805e+02, 5.33526306e+02,
         5.65580428e-02],
        [7.96688080e-01, 3.18662872e+02, 9.58059998e+01, 4.73811615e+02,
         5.63265793e-02],
        [3.68109528e+02, 3.17125916e+02, 4.81000000e+02, 6.37433167e+02,
         5.60072325e-02],
        [3.23164673e+02, 3.12795288e+02, 4.61969849e+02, 4.66218323e+02,
         5.59460595e-02],
        [2.83789948e+02, 1.25863571e+02, 4.67640900e+02, 4.92629700e+02,
         5.55949956e-02],
        [3.68109528e+02, 3.17125916e+02, 4.81000000e+02, 6.37433167e+02,
         5.36320880e-02],
        [3.32441330e-01, 1.43222397e+02, 4.53817978e+01, 4.12309387e+02,
         5.32542951e-02],
        [3.01399323e+02, 5.69004059e-01, 4.81000000e+02, 1.02225967e+02,
         5.06652109e-02],
        [1.91559418e+02, 2.97135803e+02, 4.20473236e+02, 6.34834595e+02,
         5.05278595e-02],
        [2.16628738e+02, 3.64521454e+02, 2.35544052e+02, 4.39920288e+02,
         5.04752584e-02],
        [2.92858276e+02, 3.20545959e+00, 4.81000000e+02, 2.48388062e+02,
         5.01866452e-02],
        [0.00000000e+00, 0.00000000e+00, 0.00000000e+00, 0.00000000e+00,
         0.00000000e+00],
        [0.00000000e+00, 0.00000000e+00, 0.00000000e+00, 0.00000000e+00,
         0.00000000e+00],
        [0.00000000e+00, 0.00000000e+00, 0.00000000e+00, 0.00000000e+00,
         0.00000000e+00],
        [0.00000000e+00, 0.00000000e+00, 0.00000000e+00, 0.00000000e+00,
         0.00000000e+00],
        [0.00000000e+00, 0.00000000e+00, 0.00000000e+00, 0.00000000e+00,
         0.00000000e+00],
        [0.00000000e+00, 0.00000000e+00, 0.00000000e+00, 0.00000000e+00,
         0.00000000e+00],
        [0.00000000e+00, 0.00000000e+00, 0.00000000e+00, 0.00000000e+00,
         0.00000000e+00],
        [0.00000000e+00, 0.00000000e+00, 0.00000000e+00, 0.00000000e+00,
         0.00000000e+00],
        [0.00000000e+00, 0.00000000e+00, 0.00000000e+00, 0.00000000e+00,
         0.00000000e+00],
        [0.00000000e+00, 0.00000000e+00, 0.00000000e+00, 0.00000000e+00,
         0.00000000e+00],
        [0.00000000e+00, 0.00000000e+00, 0.00000000e+00, 0.00000000e+00,
         0.00000000e+00],
        [0.00000000e+00, 0.00000000e+00, 0.00000000e+00, 0.00000000e+00,
         0.00000000e+00],
        [0.00000000e+00, 0.00000000e+00, 0.00000000e+00, 0.00000000e+00,
         0.00000000e+00],
        [0.00000000e+00, 0.00000000e+00, 0.00000000e+00, 0.00000000e+00,
         0.00000000e+00],
        [0.00000000e+00, 0.00000000e+00, 0.00000000e+00, 0.00000000e+00,
         0.00000000e+00],
        [0.00000000e+00, 0.00000000e+00, 0.00000000e+00, 0.00000000e+00,
         0.00000000e+00],
        [0.00000000e+00, 0.00000000e+00, 0.00000000e+00, 0.00000000e+00,
         0.00000000e+00],
        [0.00000000e+00, 0.00000000e+00, 0.00000000e+00, 0.00000000e+00,
         0.00000000e+00],
        [0.00000000e+00, 0.00000000e+00, 0.00000000e+00, 0.00000000e+00,
         0.00000000e+00],
        [0.00000000e+00, 0.00000000e+00, 0.00000000e+00, 0.00000000e+00,
         0.00000000e+00],
        [0.00000000e+00, 0.00000000e+00, 0.00000000e+00, 0.00000000e+00,
         0.00000000e+00],
        [0.00000000e+00, 0.00000000e+00, 0.00000000e+00, 0.00000000e+00,
         0.00000000e+00],
        [0.00000000e+00, 0.00000000e+00, 0.00000000e+00, 0.00000000e+00,
         0.00000000e+00],
        [0.00000000e+00, 0.00000000e+00, 0.00000000e+00, 0.00000000e+00,
         0.00000000e+00],
        [0.00000000e+00, 0.00000000e+00, 0.00000000e+00, 0.00000000e+00,
         0.00000000e+00],
        [0.00000000e+00, 0.00000000e+00, 0.00000000e+00, 0.00000000e+00,
         0.00000000e+00],
        [0.00000000e+00, 0.00000000e+00, 0.00000000e+00, 0.00000000e+00,
         0.00000000e+00],
        [0.00000000e+00, 0.00000000e+00, 0.00000000e+00, 0.00000000e+00,
         0.00000000e+00],
        [0.00000000e+00, 0.00000000e+00, 0.00000000e+00, 0.00000000e+00,
         0.00000000e+00],
        [0.00000000e+00, 0.00000000e+00, 0.00000000e+00, 0.00000000e+00,
         0.00000000e+00],
        [0.00000000e+00, 0.00000000e+00, 0.00000000e+00, 0.00000000e+00,
         0.00000000e+00],
        [0.00000000e+00, 0.00000000e+00, 0.00000000e+00, 0.00000000e+00,
         0.00000000e+00],
        [0.00000000e+00, 0.00000000e+00, 0.00000000e+00, 0.00000000e+00,
         0.00000000e+00],
        [0.00000000e+00, 0.00000000e+00, 0.00000000e+00, 0.00000000e+00,
         0.00000000e+00],
        [0.00000000e+00, 0.00000000e+00, 0.00000000e+00, 0.00000000e+00,
         0.00000000e+00],
        [0.00000000e+00, 0.00000000e+00, 0.00000000e+00, 0.00000000e+00,
         0.00000000e+00],
        [0.00000000e+00, 0.00000000e+00, 0.00000000e+00, 0.00000000e+00,
         0.00000000e+00],
        [0.00000000e+00, 0.00000000e+00, 0.00000000e+00, 0.00000000e+00,
         0.00000000e+00],
        [0.00000000e+00, 0.00000000e+00, 0.00000000e+00, 0.00000000e+00,
         0.00000000e+00],
        [0.00000000e+00, 0.00000000e+00, 0.00000000e+00, 0.00000000e+00,
         0.00000000e+00],
        [0.00000000e+00, 0.00000000e+00, 0.00000000e+00, 0.00000000e+00,
         0.00000000e+00],
        [0.00000000e+00, 0.00000000e+00, 0.00000000e+00, 0.00000000e+00,
         0.00000000e+00],
        [0.00000000e+00, 0.00000000e+00, 0.00000000e+00, 0.00000000e+00,
         0.00000000e+00],
        [0.00000000e+00, 0.00000000e+00, 0.00000000e+00, 0.00000000e+00,
         0.00000000e+00],
        [0.00000000e+00, 0.00000000e+00, 0.00000000e+00, 0.00000000e+00,
         0.00000000e+00],
        [0.00000000e+00, 0.00000000e+00, 0.00000000e+00, 0.00000000e+00,
         0.00000000e+00],
        [0.00000000e+00, 0.00000000e+00, 0.00000000e+00, 0.00000000e+00,
         0.00000000e+00],
        [0.00000000e+00, 0.00000000e+00, 0.00000000e+00, 0.00000000e+00,
         0.00000000e+00],
        [0.00000000e+00, 0.00000000e+00, 0.00000000e+00, 0.00000000e+00,
         0.00000000e+00],
        [0.00000000e+00, 0.00000000e+00, 0.00000000e+00, 0.00000000e+00,
         0.00000000e+00],
        [0.00000000e+00, 0.00000000e+00, 0.00000000e+00, 0.00000000e+00,
         0.00000000e+00],
        [0.00000000e+00, 0.00000000e+00, 0.00000000e+00, 0.00000000e+00,
         0.00000000e+00],
        [0.00000000e+00, 0.00000000e+00, 0.00000000e+00, 0.00000000e+00,
         0.00000000e+00],
        [0.00000000e+00, 0.00000000e+00, 0.00000000e+00, 0.00000000e+00,
         0.00000000e+00],
        [0.00000000e+00, 0.00000000e+00, 0.00000000e+00, 0.00000000e+00,
         0.00000000e+00],
        [0.00000000e+00, 0.00000000e+00, 0.00000000e+00, 0.00000000e+00,
         0.00000000e+00],
        [0.00000000e+00, 0.00000000e+00, 0.00000000e+00, 0.00000000e+00,
         0.00000000e+00],
        [0.00000000e+00, 0.00000000e+00, 0.00000000e+00, 0.00000000e+00,
         0.00000000e+00],
        [0.00000000e+00, 0.00000000e+00, 0.00000000e+00, 0.00000000e+00,
         0.00000000e+00],
        [0.00000000e+00, 0.00000000e+00, 0.00000000e+00, 0.00000000e+00,
         0.00000000e+00],
        [0.00000000e+00, 0.00000000e+00, 0.00000000e+00, 0.00000000e+00,
         0.00000000e+00]]], dtype=float32), array([[25,  0,  0, 25, 25, 25, 25, 25, 25, 26,  0, 26, 56,  8, 25, 25,
         0,  8, 56, 25, 25, 60, 25, 56, 26, 26, 33, 43,  0, 33, 37, 26,
        25, 25, 25, 56, 56,  0,  5,  0,  0,  0,  0,  0,  0,  0,  0,  0,
         0,  0,  0,  0,  0,  0,  0,  0,  0,  0,  0,  0,  0,  0,  0,  0,
         0,  0,  0,  0,  0,  0,  0,  0,  0,  0,  0,  0,  0,  0,  0,  0,
         0,  0,  0,  0,  0,  0,  0,  0,  0,  0,  0,  0,  0,  0,  0,  0,
         0,  0,  0,  0]], dtype=int64)]
len(raw_results): 2
raw_results[0]: (1, 100, 5)
raw_results[1]: (1, 100)
