raw_results: [array([[[6.81457520e-02, 7.14972229e+01, 6.38000000e+02, 5.37686157e+02,
         3.48727882e-01],
        [4.42726837e+02, 1.44109253e+02, 5.19290161e+02, 2.25360107e+02,
         3.39758664e-01],
        [4.44732361e+02, 9.89496765e+01, 5.74641357e+02, 2.25471436e+02,
         2.88179159e-01],
        [0.00000000e+00, 3.87558441e+02, 5.47404114e+02, 5.49303345e+02,
         2.10920423e-01],
        [3.06668518e+02, 1.29129547e+02, 4.41907104e+02, 2.41606781e+02,
         2.10609943e-01],
        [4.42464447e+02, 1.14414749e+02, 5.81496094e+02, 2.92799683e+02,
         1.81565106e-01],
        [5.97442627e+00, 3.02071228e+02, 6.17600159e+02, 5.48373657e+02,
         1.73512653e-01],
        [4.47463379e+02, 1.00390579e+02, 5.76111694e+02, 2.24588608e+02,
         1.34837747e-01],
        [4.46686615e+02, 9.96419525e+01, 5.74945312e+02, 2.23965469e+02,
         1.26859948e-01],
        [6.81457520e-02, 7.14972229e+01, 6.38000000e+02, 5.37686157e+02,
         1.07851811e-01],
        [4.42726837e+02, 1.44109253e+02, 5.19290161e+02, 2.25360107e+02,
         1.05741516e-01],
        [4.42160950e+02, 1.40662415e+02, 5.53540405e+02, 2.46488831e+02,
         1.02629289e-01],
        [3.06496216e+02, 1.28854721e+02, 4.41834595e+02, 2.41996017e+02,
         1.02549464e-01],
        [4.35919464e+02, 7.59687500e+01, 5.81911743e+02, 3.66148682e+02,
         9.86928120e-02],
        [7.32266235e+00, 7.13736725e+01, 6.37701538e+02, 5.34309631e+02,
         9.58635435e-02],
        [4.47463379e+02, 1.00390579e+02, 5.76111694e+02, 2.24588608e+02,
         9.56418812e-02],
        [1.13098145e-01, 7.26244812e+01, 6.31821167e+02, 4.41010162e+02,
         8.12388659e-02],
        [2.97802734e+00, 9.29019318e+01, 6.38000000e+02, 2.17176758e+02,
         7.73611069e-02],
        [4.42662750e+02, 1.43563843e+02, 5.18546448e+02, 2.24616241e+02,
         7.71055371e-02],
        [4.84177429e+02, 8.59423676e+01, 5.95114929e+02, 2.27147354e+02,
         7.27255121e-02],
        [5.94064392e+02, 3.18713837e+02, 6.38000000e+02, 3.43551605e+02,
         7.20189288e-02],
        [1.66074219e+01, 1.10252609e+02, 4.72423889e+02, 3.74265564e+02,
         7.17566162e-02],
        [4.84177429e+02, 8.59423676e+01, 5.95114929e+02, 2.27147354e+02,
         6.82193637e-02],
        [5.27410950e+02, 6.44906006e+01, 5.96038025e+02, 1.43959793e+02,
         6.75077289e-02],
        [2.26322937e+00, 1.16810257e+02, 4.68478149e+02, 3.84359924e+02,
         6.33913800e-02],
        [5.29168518e+02, 5.46910706e+01, 6.24097961e+02, 3.33168396e+02,
         6.23456575e-02],
        [3.30616760e+01, 1.11952652e+02, 5.25524414e+02, 2.52812866e+02,
         6.02103807e-02],
        [2.36416626e+00, 7.57526398e+01, 6.26575195e+02, 5.33263062e+02,
         5.77831715e-02],
        [5.26914917e+02, 6.70778580e+01, 6.00160645e+02, 2.35111572e+02,
         5.77234551e-02],
        [4.84177429e+02, 8.59423676e+01, 5.95114929e+02, 2.27147354e+02,
         5.74949011e-02],
        [4.47463379e+02, 1.00390579e+02, 5.76111694e+02, 2.24588608e+02,
         5.74399829e-02],
        [3.06668518e+02, 1.29129547e+02, 4.41907104e+02, 2.41606781e+02,
         5.71390167e-02],
        [4.63244873e+02, 1.00277489e+02, 6.09158569e+02, 2.61452148e+02,
         5.57038784e-02],
        [5.26674255e+02, 6.60606613e+01, 5.98595276e+02, 2.23012482e+02,
         5.27060553e-02],
        [0.00000000e+00, 6.96149445e+01, 6.38000000e+02, 4.99112427e+02,
         5.26373647e-02],
        [4.09426575e+01, 2.48912354e+01, 6.38000000e+02, 3.90665527e+02,
         5.10948747e-02],
        [0.00000000e+00, 5.15632095e+01, 6.38000000e+02, 1.76042725e+02,
         5.04729263e-02],
        [0.00000000e+00, 0.00000000e+00, 0.00000000e+00, 0.00000000e+00,
         0.00000000e+00],
        [0.00000000e+00, 0.00000000e+00, 0.00000000e+00, 0.00000000e+00,
         0.00000000e+00],
        [0.00000000e+00, 0.00000000e+00, 0.00000000e+00, 0.00000000e+00,
         0.00000000e+00],
        [0.00000000e+00, 0.00000000e+00, 0.00000000e+00, 0.00000000e+00,
         0.00000000e+00],
        [0.00000000e+00, 0.00000000e+00, 0.00000000e+00, 0.00000000e+00,
         0.00000000e+00],
        [0.00000000e+00, 0.00000000e+00, 0.00000000e+00, 0.00000000e+00,
         0.00000000e+00],
        [0.00000000e+00, 0.00000000e+00, 0.00000000e+00, 0.00000000e+00,
         0.00000000e+00],
        [0.00000000e+00, 0.00000000e+00, 0.00000000e+00, 0.00000000e+00,
         0.00000000e+00],
        [0.00000000e+00, 0.00000000e+00, 0.00000000e+00, 0.00000000e+00,
         0.00000000e+00],
        [0.00000000e+00, 0.00000000e+00, 0.00000000e+00, 0.00000000e+00,
         0.00000000e+00],
        [0.00000000e+00, 0.00000000e+00, 0.00000000e+00, 0.00000000e+00,
         0.00000000e+00],
        [0.00000000e+00, 0.00000000e+00, 0.00000000e+00, 0.00000000e+00,
         0.00000000e+00],
        [0.00000000e+00, 0.00000000e+00, 0.00000000e+00, 0.00000000e+00,
         0.00000000e+00],
        [0.00000000e+00, 0.00000000e+00, 0.00000000e+00, 0.00000000e+00,
         0.00000000e+00],
        [0.00000000e+00, 0.00000000e+00, 0.00000000e+00, 0.00000000e+00,
         0.00000000e+00],
        [0.00000000e+00, 0.00000000e+00, 0.00000000e+00, 0.00000000e+00,
         0.00000000e+00],
        [0.00000000e+00, 0.00000000e+00, 0.00000000e+00, 0.00000000e+00,
         0.00000000e+00],
        [0.00000000e+00, 0.00000000e+00, 0.00000000e+00, 0.00000000e+00,
         0.00000000e+00],
        [0.00000000e+00, 0.00000000e+00, 0.00000000e+00, 0.00000000e+00,
         0.00000000e+00],
        [0.00000000e+00, 0.00000000e+00, 0.00000000e+00, 0.00000000e+00,
         0.00000000e+00],
        [0.00000000e+00, 0.00000000e+00, 0.00000000e+00, 0.00000000e+00,
         0.00000000e+00],
        [0.00000000e+00, 0.00000000e+00, 0.00000000e+00, 0.00000000e+00,
         0.00000000e+00],
        [0.00000000e+00, 0.00000000e+00, 0.00000000e+00, 0.00000000e+00,
         0.00000000e+00],
        [0.00000000e+00, 0.00000000e+00, 0.00000000e+00, 0.00000000e+00,
         0.00000000e+00],
        [0.00000000e+00, 0.00000000e+00, 0.00000000e+00, 0.00000000e+00,
         0.00000000e+00],
        [0.00000000e+00, 0.00000000e+00, 0.00000000e+00, 0.00000000e+00,
         0.00000000e+00],
        [0.00000000e+00, 0.00000000e+00, 0.00000000e+00, 0.00000000e+00,
         0.00000000e+00],
        [0.00000000e+00, 0.00000000e+00, 0.00000000e+00, 0.00000000e+00,
         0.00000000e+00],
        [0.00000000e+00, 0.00000000e+00, 0.00000000e+00, 0.00000000e+00,
         0.00000000e+00],
        [0.00000000e+00, 0.00000000e+00, 0.00000000e+00, 0.00000000e+00,
         0.00000000e+00],
        [0.00000000e+00, 0.00000000e+00, 0.00000000e+00, 0.00000000e+00,
         0.00000000e+00],
        [0.00000000e+00, 0.00000000e+00, 0.00000000e+00, 0.00000000e+00,
         0.00000000e+00],
        [0.00000000e+00, 0.00000000e+00, 0.00000000e+00, 0.00000000e+00,
         0.00000000e+00],
        [0.00000000e+00, 0.00000000e+00, 0.00000000e+00, 0.00000000e+00,
         0.00000000e+00],
        [0.00000000e+00, 0.00000000e+00, 0.00000000e+00, 0.00000000e+00,
         0.00000000e+00],
        [0.00000000e+00, 0.00000000e+00, 0.00000000e+00, 0.00000000e+00,
         0.00000000e+00],
        [0.00000000e+00, 0.00000000e+00, 0.00000000e+00, 0.00000000e+00,
         0.00000000e+00],
        [0.00000000e+00, 0.00000000e+00, 0.00000000e+00, 0.00000000e+00,
         0.00000000e+00],
        [0.00000000e+00, 0.00000000e+00, 0.00000000e+00, 0.00000000e+00,
         0.00000000e+00],
        [0.00000000e+00, 0.00000000e+00, 0.00000000e+00, 0.00000000e+00,
         0.00000000e+00],
        [0.00000000e+00, 0.00000000e+00, 0.00000000e+00, 0.00000000e+00,
         0.00000000e+00],
        [0.00000000e+00, 0.00000000e+00, 0.00000000e+00, 0.00000000e+00,
         0.00000000e+00],
        [0.00000000e+00, 0.00000000e+00, 0.00000000e+00, 0.00000000e+00,
         0.00000000e+00],
        [0.00000000e+00, 0.00000000e+00, 0.00000000e+00, 0.00000000e+00,
         0.00000000e+00],
        [0.00000000e+00, 0.00000000e+00, 0.00000000e+00, 0.00000000e+00,
         0.00000000e+00],
        [0.00000000e+00, 0.00000000e+00, 0.00000000e+00, 0.00000000e+00,
         0.00000000e+00],
        [0.00000000e+00, 0.00000000e+00, 0.00000000e+00, 0.00000000e+00,
         0.00000000e+00],
        [0.00000000e+00, 0.00000000e+00, 0.00000000e+00, 0.00000000e+00,
         0.00000000e+00],
        [0.00000000e+00, 0.00000000e+00, 0.00000000e+00, 0.00000000e+00,
         0.00000000e+00],
        [0.00000000e+00, 0.00000000e+00, 0.00000000e+00, 0.00000000e+00,
         0.00000000e+00],
        [0.00000000e+00, 0.00000000e+00, 0.00000000e+00, 0.00000000e+00,
         0.00000000e+00],
        [0.00000000e+00, 0.00000000e+00, 0.00000000e+00, 0.00000000e+00,
         0.00000000e+00],
        [0.00000000e+00, 0.00000000e+00, 0.00000000e+00, 0.00000000e+00,
         0.00000000e+00],
        [0.00000000e+00, 0.00000000e+00, 0.00000000e+00, 0.00000000e+00,
         0.00000000e+00],
        [0.00000000e+00, 0.00000000e+00, 0.00000000e+00, 0.00000000e+00,
         0.00000000e+00],
        [0.00000000e+00, 0.00000000e+00, 0.00000000e+00, 0.00000000e+00,
         0.00000000e+00],
        [0.00000000e+00, 0.00000000e+00, 0.00000000e+00, 0.00000000e+00,
         0.00000000e+00],
        [0.00000000e+00, 0.00000000e+00, 0.00000000e+00, 0.00000000e+00,
         0.00000000e+00],
        [0.00000000e+00, 0.00000000e+00, 0.00000000e+00, 0.00000000e+00,
         0.00000000e+00],
        [0.00000000e+00, 0.00000000e+00, 0.00000000e+00, 0.00000000e+00,
         0.00000000e+00],
        [0.00000000e+00, 0.00000000e+00, 0.00000000e+00, 0.00000000e+00,
         0.00000000e+00],
        [0.00000000e+00, 0.00000000e+00, 0.00000000e+00, 0.00000000e+00,
         0.00000000e+00],
        [0.00000000e+00, 0.00000000e+00, 0.00000000e+00, 0.00000000e+00,
         0.00000000e+00]]], dtype=float32), array([[ 8, 16, 16,  8, 45, 16,  8, 15, 21, 69, 21, 16, 61, 16, 45, 61,
         6,  8, 15, 61, 14,  8, 16, 41, 69,  8,  8,  7, 61, 15, 14, 56,
        16, 75, 68,  8,  8,  0,  0,  0,  0,  0,  0,  0,  0,  0,  0,  0,
         0,  0,  0,  0,  0,  0,  0,  0,  0,  0,  0,  0,  0,  0,  0,  0,
         0,  0,  0,  0,  0,  0,  0,  0,  0,  0,  0,  0,  0,  0,  0,  0,
         0,  0,  0,  0,  0,  0,  0,  0,  0,  0,  0,  0,  0,  0,  0,  0,
         0,  0,  0,  0]], dtype=int64)]
len(raw_results): 2
raw_results[0]: (1, 100, 5)
raw_results[1]: (1, 100)
